Iterate Time
1 13702700
2 2963500
3 3348700
4 2767300
5 2172300
6 1913800
7 1908800
8 1849800
9 1843800
10 1873000
11 1820600
12 1880700
13 1822800
14 1815900
15 1754800
16 1599500
17 1652200
18 1623200
19 1772000
20 1767500
21 1861300
22 1685200
23 1653100
24 1578900
25 1531500
26 1532500
27 1496300
28 1359100
29 1344300
30 1337200
31 1799500
32 1403000
33 1601000
34 4881100
35 2488400
36 1754700
37 1402700
38 1417200
39 1312100
40 1488800
41 1485300
42 1493100
43 1436400
44 1567500
45 1398500
46 1517500
47 1456700
48 1557200
49 1627300
50 1588000
51 1248500
52 1447100
53 1489500
54 1463000
55 1619100
56 1563500
57 1371400
58 1368400
59 1499400
60 888200
61 891600
62 875000
63 866600
64 882600
65 882800
66 869900
67 907800
68 885800
69 868700
70 1329200
71 1339400
72 1341900
73 1604300
74 1487600
75 1362500
76 1416600
77 1335300
78 1532200
79 1371100
80 1366600
81 1336600
82 1385100
83 1440500
84 1361800
85 1353600
86 1380500
87 1344800
88 1373400
89 1462400
90 1343300
91 996900
92 965900
93 996400
94 996100
95 1080200
96 1010000
97 985800
98 972400
99 943800
100 1229700
101 947800
102 937700
103 919300
104 992300
105 952700
106 914000
107 933200
108 933100
109 926200
110 946300
111 956900
112 1110900
113 1020800
114 1139700
115 984500
116 1083000
117 1040900
118 1009500
119 1030600
120 1002500
121 976600
122 939100
123 989200
124 941300
125 927800
126 940000
127 930300
128 955500
129 1407700
130 1198100
131 952200
132 931200
133 936600
134 945600
135 972900
136 947400
137 1021400
138 1017400
139 1002500
140 996200
141 1070800
142 978800
143 1008600
144 1128200
145 991400
146 1031200
147 991500
148 1001000
149 979200
150 1021900
151 1007100
152 1034100
153 1020200
154 994400
155 983300
156 1024600
157 1033100
158 1136700
159 1028100
160 1011300
161 1009200
162 1052600
163 1000000
164 1007600
165 976300
166 985000
167 963800
168 975700
169 1043800
170 1026800
171 1013000
172 997200
173 1514100
174 1250200
175 1276500
176 1212100
177 1274600
178 1227400
179 1005900
180 1030900
181 1009200
182 986000
183 1017200
184 1005700
185 1021700
186 1010800
187 1064100
188 1029500
189 1026900
190 1044000
191 1015200
192 1018300
193 995000
194 1000500
195 1001100
196 1017400
197 1019200
198 997400
199 1039600
200 1738400
201 1538100
202 1507100
203 1403400
204 1401400
205 1401000
206 1400600
207 1360900
208 1428600
209 1406900
210 1235200
211 1059700
212 1258900
213 1129500
214 1132800
215 1034000
216 1118600
217 1192300
218 1124600
219 994100
220 1028700
221 1039100
222 1306700
223 1377900
224 1252400
225 1101400
226 1036800
227 1018100
228 1749000
229 2095800
230 1025700
231 1009000
232 4252700
233 668100
234 685700
235 772900
236 731900
237 840000
238 993200
239 941200
240 769700
241 604200
242 604100
243 670400
244 681900
245 821400
246 840300
247 865100
248 850000
249 797400
250 773100
251 812000
252 933300
253 688200
254 923000
255 934500
256 671500
257 649500
258 455200
259 456100
260 453600
261 445600
262 454000
263 449200
264 442000
265 448800
266 443500
267 443100
268 444300
269 679700
270 451100
271 442500
272 447600
273 450700
274 451500
275 446700
276 455100
277 446000
278 449500
279 496200
280 443500
281 490800
282 454500
283 445000
284 449100
285 452700
286 443400
287 446100
288 452100
289 444000
290 452200
291 453200
292 444800
293 490700
294 454200
295 444900
296 449700
297 450200
298 444600
299 697400
300 697700
301 655000
302 683400
303 671300
304 694600
305 666500
306 675800
307 663200
308 679400
309 676600
310 663600
311 652500
312 644500
313 654100
314 661000
315 794400
316 793700
317 869100
318 687100
319 631300
320 463600
321 456800
322 451100
323 461900
324 454100
325 444700
326 452400
327 450700
328 443600
329 447100
330 450700
331 457500
332 446700
333 450400
334 456000
335 444000
336 455400
337 461400
338 451900
339 458100
340 481400
341 446600
342 457400
343 454400
344 445900
345 458500
346 450800
347 444700
348 450300
349 677200
350 998200
351 706800
352 686700
353 498800
354 558700
355 498400
356 494800
357 499700
358 499900
359 492500
360 504500
361 498700
362 495900
363 531500
364 485600
365 474700
366 480400
367 481400
368 471800
369 477100
370 474700
371 471700
372 479900
373 477900
374 472000
375 485000
376 488400
377 475600
378 512500
379 538100
380 476600
381 491300
382 480800
383 476200
384 485700
385 482500
386 477800
387 487700
388 480900
389 488000
390 478500
391 483400
392 503300
393 488200
394 488500
395 510200
396 485500
397 494200
398 505800
399 488100
400 492200
401 501200
402 466100
403 480300
404 475200
405 467100
406 469600
407 475700
408 468200
409 583500
410 519200
411 465500
412 472400
413 476000
414 465800
415 472900
416 469800
417 458200
418 459700
419 467400
420 454800
421 459600
422 465700
423 456500
424 463900
425 464600
426 459400
427 947400
428 488000
429 467500
430 2504700
431 449900
432 456800
433 450900
434 444300
435 478900
436 604600
437 447000
438 477600
439 451000
440 443000
441 437500
442 446400
443 443500
444 438600
445 448100
446 444000
447 439200
448 444800
449 443100
450 436400
451 437800
452 445800
453 445100
454 438200
455 433800
456 440900
457 429100
458 433100
459 435900
460 430300
461 433100
462 437300
463 429800
464 432300
465 437200
466 431200
467 433900
468 461600
469 529700
470 455800
471 566500
472 440700
473 446800
474 448500
475 442200
476 448000
477 450000
478 441200
479 458500
480 447700
481 442400
482 447500
483 447400
484 441300
485 448700
486 448000
487 442800
488 448100
489 447300
490 440800
491 447900
492 446600
493 441300
494 449700
495 446900
496 442900
497 451800
498 448900
499 440900
500 447800
501 447600
502 441600
503 472900
504 447600
505 441600
506 450400
507 449800
508 443400
509 449300
510 447500
511 444700
512 444000
513 932100
514 579700
515 451500
516 448600
517 446900
518 442900
519 447300
520 445800
521 440900
522 444800
523 450100
524 438600
525 444400
526 449400
527 441100
528 445000
529 449000
530 439900
531 444800
532 447900
533 437500
534 446200
535 449200
536 442200
537 445500
538 452500
539 440800
540 445100
541 451200
542 440400
543 516100
544 447200
545 441700
546 449700
547 449700
548 442000
549 448500
550 447200
551 442000
552 451100
553 447800
554 442200
555 454200
556 448800
557 444400
558 454400
559 452100
560 448200
561 454100
562 454600
563 450300
564 460900
565 452100
566 445500
567 448800
568 445700
569 447100
570 452200
571 447300
572 446400
573 449600
574 451900
575 458700
576 733200
577 987000
578 610700
579 458000
580 458200
581 467000
582 455700
583 458400
584 461500
585 459300
586 464800
587 471400
588 454200
589 462700
590 468100
591 463200
592 468800
593 470700
594 464200
595 468100
596 471600
597 466800
598 474900
599 468000
600 439500
