1 53101600
2 45366000
3 41960800
4 41893400
5 41907500
6 44964800
7 47243200
8 43572000
9 42616700
10 41840800
11 41859800
12 41818300
13 41858500
14 41807800
15 41849100
16 41901200
17 41928200
18 41870000
19 42169000
20 42145700
21 41792000
22 41799500
23 42061800
24 41878800
25 41826500
26 41924700
27 41920900
28 41799700
29 41904300
30 41962600
31 41762700
32 41860500
33 41803200
34 41838000
35 41825400
36 41847200
37 41847000
38 41928100
39 41819200
40 41945000
41 41913100
42 41970700
43 41815200
44 41956100
45 41862800
46 41826100
47 41824100
48 41858400
49 41810800
50 41790400
51 41764700
52 41766100
53 41888100
54 41855200
55 41782400
56 41911200
57 41852200
58 41943600
59 41895400
60 41932400
61 41904300
62 41802500
63 41829900
64 41855700
65 41926400
66 41832300
67 41764000
68 42014500
69 41845300
70 41897000
71 41871300
72 41809000
73 41798900
74 41791300
75 41768400
76 41825900
77 42034000
78 41785400
79 41898900
80 41824100
81 41771800
82 41936400
83 41767000
84 41778500
85 41930300
86 41765500
87 42022100
88 41902500
89 41807900
90 41787300
91 42330600
92 41900800
93 41813700
94 41832100
95 41879200
96 41803900
97 41784100
98 41806800
99 41838900
100 41835000
101 42096100
102 42142700
103 41758800
104 41851600
105 41819700
106 41959900
107 41837700
108 41760600
109 41849200
110 42308300
111 41864900
112 41851500
113 41838600
114 41992800
115 41951200
116 41987700
117 41803800
118 42042500
119 41923000
120 41769100
121 41991800
122 41838300
123 41861400
124 41834500
125 42345800
126 42064000
127 42747500
128 41956600
129 41844200
130 41888700
131 41863500
132 41962300
133 41949900
134 41827200
135 41924800
136 41753700
137 41851900
138 41814900
139 41760500
140 41828800
141 41848100
142 41778400
143 41802300
144 41838500
145 41938600
146 41778400
147 41804400
148 41747700
149 41823400
150 41780200
151 41823700
152 41701700
153 41711500
154 41831900
155 42045100
156 41758700
157 41893400
158 41804400
159 41933400
160 41741700
161 41816900
162 41827600
163 41941300
164 41883100
165 41810300
166 41807000
167 41804000
168 41845400
169 41945900
170 41783900
171 41822300
172 41880100
173 42036100
174 41859300
175 41880100
176 41868900
177 41799800
178 41936700
179 41720400
180 41837000
181 41911700
182 41777100
183 41797800
184 41859300
185 41839800
186 41857000
187 41944500
188 41748600
189 41837000
190 42081800
191 41862200
192 41910100
193 41923700
194 41821400
195 41892800
196 41891700
197 41923000
198 41757100
199 42068900
200 43167700
201 42720300
202 47435800
203 45476200
204 41954300
205 41988400
206 41879200
207 41784800
208 41982000
209 41876800
210 41817700
211 41891800
212 41811300
213 41825000
214 41897300
215 41781600
216 41992600
217 41867200
218 43766400
219 47372200
220 42801000
221 41949100
222 41891900
223 41918400
224 41951100
225 41841000
226 41802500
227 41752600
228 41915800
229 41903200
230 41726400
231 41837000
232 41752800
233 41900700
234 42079900
235 41860700
236 41865200
237 41946100
238 41764100
239 41797100
240 41899700
241 41893700
242 41857900
243 41855600
244 41936500
245 41857300
246 41990300
247 41793900
248 41972800
249 41904000
250 41750300
251 41768200
252 42004800
253 41772000
254 41745600
255 41854800
256 41879900
257 41834600
258 41855800
259 41784700
260 41760800
261 41769600
262 41959200
263 41887700
264 42007800
265 41752100
266 41856700
267 41872100
268 41726400
269 41785500
270 41957100
271 41843900
272 41850500
273 41898700
274 41813000
275 41878200
276 42020100
277 45315400
278 45434300
279 42418000
280 41804100
281 41844300
282 42028500
283 41996200
284 42034300
285 41816500
286 41865900
287 41842300
288 41853000
289 41783200
290 41879500
291 41917700
292 41847200
293 41858500
294 41864000
295 41772200
296 41797200
297 41815100
298 41879000
299 41854500
300 41774000
301 41739600
302 41856300
303 41803400
304 41850400
305 41861400
306 42622400
307 41691700
308 41860800
309 41891400
310 41776100
311 41716500
312 41933600
313 41835100
314 41699900
315 41767700
316 41807600
317 41918600
318 41830800
319 41756700
320 41860300
321 41867000
322 41818600
323 41728100
324 41719900
325 41807600
326 41811500
327 41687500
328 41727200
329 41795100
330 41821000
331 41735000
332 41786800
333 41735800
334 41709300
335 41820600
336 41769100
337 41765600
338 41782500
339 41870500
340 41787300
341 41691300
342 41887800
343 41762500
344 41771600
345 41835200
346 41757000
347 41750800
348 41783700
349 41740400
350 41740800
351 41809700
352 41805600
353 41800800
354 41781000
355 41843800
356 41766200
357 41937700
358 41775700
359 41845300
360 41793300
361 41775100
362 42023000
363 41858000
364 41729100
365 41743600
366 41837900
367 41764800
368 41764700
369 41875900
370 41847800
371 41828000
372 41709800
373 41821900
374 41870300
375 41725300
376 41803300
377 41732600
378 41780300
379 41763600
380 41837100
381 41784100
382 41830600
383 41764300
384 41795400
385 41860400
386 41749300
387 42301200
388 41926900
389 42068500
390 42040000
391 41971000
392 41930500
393 41964500
394 41975600
395 42034000
396 42049500
397 41974000
398 41907700
399 41947600
400 42110400
401 42067500
402 42018400
403 41992100
404 41970000
405 41898900
406 41967400
407 42020300
408 41703300
409 41846200
410 41965400
411 42087200
412 41858200
413 41909200
414 41824600
415 41809700
416 41724200
417 41887200
418 41709700
419 41845000
420 41763200
421 42832200
422 42152100
423 41783100
424 41807100
425 41818300
426 41814700
427 41818700
428 41708200
429 41813400
430 41722800
431 41756000
432 41736500
433 41818300
434 41909100
435 41971400
436 41808200
437 41830600
438 41722100
439 41688700
440 41775900
441 41839200
442 41732300
443 41783300
444 41757700
445 41869600
446 41820800
447 41725000
448 41694300
449 41982200
450 41785900
451 41795200
452 41775100
453 41802800
454 41685100
455 41834300
456 42632900
457 42115100
458 46436300
459 45368400
460 44286400
461 44036400
462 42939900
463 44147700
464 41969200
465 42441100
466 41776500
467 41918500
468 41900100
469 41798200
470 41941100
471 41923300
472 41850000
473 42058700
474 41786000
475 41696800
476 41684300
477 41754100
478 41709800
479 41851600
480 41794600
481 41853400
482 41866900
483 41637800
484 41702600
485 41745500
486 41738600
487 41789400
488 41744000
489 41858200
490 41825900
491 41845400
492 41828500
493 41737600
494 41703900
495 41889400
496 41820200
497 41964800
498 41902200
499 41779000
500 41767300
501 41787100
502 41894700
503 41775400
504 41723200
505 41878000
506 42346100
507 43115500
508 42041500
509 41992700
510 41935900
511 41978600
512 42084300
513 41973900
514 41968700
515 41929100
516 42080600
517 42127500
518 41891600
519 41899600
520 42224900
521 41944000
522 41998500
523 41962300
524 41896300
525 41824000
526 41896500
527 41901500
528 41772600
529 41798500
530 41885800
531 41789600
532 41720100
533 41769000
534 41876500
535 41740000
536 41774100
537 41715300
538 41787700
539 41696800
540 41748400
541 41860200
542 41772000
543 41852800
544 41799200
545 41857400
546 41851900
547 41853300
548 41790000
549 41842100
550 41804100
551 41726600
552 41760700
553 42109300
554 41754900
555 41828200
556 41949100
557 41734400
558 41713100
559 41830600
560 41865100
561 42111100
562 42396300
563 41976100
564 41996500
565 42062500
566 41889900
567 41941000
568 42015200
569 41842900
570 41784000
571 41837300
572 41855700
573 41806100
574 41933600
575 41800300
576 41699700
577 41954500
578 41875500
579 41797000
580 41789000
581 41733800
582 41829800
583 41783200
584 41781700
585 41738100
586 41830000
587 41746900
588 41816900
589 41740400
590 41731400
591 41918400
592 42706300
593 42612700
594 42052000
595 42017700
596 42116100
597 41876700
598 41938000
599 41980200
600 41967400
