1299
2960
6956
9864
704
6167
6467
3292
9326
6373
8164
5833
7208
2955
3109
2216
6720
4909
593
7949
2381
6330
1604
7009
3499
1222
9616
1098
5974
2310
8205
281
913
6087
3374
3007
1856
9435
8494
6813
7463
4833
3544
7143
2521
2432
6134
3059
2914
3839
5602
6276
2384
5668
7752
2606
7004
2264
7500
7717
4615
2628
9288
4551
9199
9786
7166
5570
8241
6497
2780
8627
8200
6622
6301
9180
6163
9964
3067
4705
5893
921
3283
272
9350
5084
9201
8234
5543
166
8586
9746
1203
3540
1833
7473
2160
478
913
9172
3925
4608
4801
8019
7238
9986
1157
7278
1594
2405
3209
3014
7438
7965
6216
6725
3778
8198
3075
8731
4833
7092
9870
9414
8670
5979
388
1965
6633
4215
1754
5833
5297
2841
7089
2976
7844
5183
8421
2368
1746
3327
3635
341
6704
7168
2791
2919
8104
4548
6259
4403
221
5286
8075
371
8268
9148
2461
6797
7166
8617
6063
5221
5946
3682
6769
272
7735
8010
1617
4038
2079
3837
6909
627
6000
7013
4898
9530
4060
7548
4916
8310
384
5903
8167
4031
7361
6348
1353
9477
9922
1784
7506
6956
8178
158
8740
7221
2339
6759
1261
1076
9381
5283
843
3571
7585
6066
9935
306
2178
4434
5034
8841
4669
1253
7844
4301
1169
3598
7355
4282
6761
1767
1144
3059
4207
354
2814
6003
7899
2299
6604
511
4744
2022
6594
2170
5767
7162
3520
1988
6334
1673
5001
6704
8488
123
6454
97
2304
310
3735
6704
9176
6540
7397
1677
5859
8289
1779
607
7443
648
6099
7913
7820
8905
2453
5692
3672
5840
5449
1827
5028
485
1222
2751
3303
3812
7187
719
738
4393
1906
4811
4035
7226
3805
3917
6532
416
4360
9981
3888
8674
8662
3496
8774
3296
3272
6012
3414
1194
2848
883
408
9707
3747
2793
7484
9845
5437
6171
3195
9402
4207
8910
6605
8308
3011
9945
8148
370
8288
1921
8582
2287
953
5695
4344
1808
8287
335
1893
7178
2903
4920
382
3358
6839
7843
5291
4499
4105
1418
4863
7198
2226
6238
3498
4623
428
7364
6713
155
5439
8702
8056
9634
1679
5138
6071
8861
9983
9033
6474
4454
7267
9190
7658
5427
3187
7824
4969
8544
6955
6398
659
6984
9903
3007
9247
9920
1644
5219
1925
9584
8026
5209
3386
3022
4750
8933
9927
5369
4187
9869
3320
6464
3464
1
4448
8541
8477
581
361
9921
663
9981
3145
7276
5947
6196
1984
441
5047
6632
2686
6740
5092
8805
6002
5977
6744
2508
9996
4794
6616
1120
3044
9693
5946
990
580
6208
6088
4358
6240
6922
7632
7914
6486
3311
2793
690
9920
2655
4193
4361
5719
3051
9937
887
2449
9829
7698
8124
731
4724
8760
1766
3601
7089
8876
1711
6330
705
1064
7463
8098
9247
3036
6473
4351
1844
6637
2636
4228
7078
9037
6744
3731
5738
7030
2755
77
4632
799
5528
4198
8522
5761
8002
6724
5792
3027
9994
4070
1011
9762
8699
8226
4035
9789
110
1014
5168
6844
6263
7311
4354
432
8459
9528
4869
8085
6940
9098
8660
2693
3875
5090
3456
3622
9529
785
1678
7107
5666
7469
3563
649
4855
4628
1660
6936
6686
3840
9686
5481
8807
5590
9190
4558
4373
1289
7791
9268
24
3676
5758
9862
6611
8708
8891
2060
7567
3547
5374
9680
3579
3969
9404
4305
9902
3389
3789
8672
6571
4242
3706
696
4304
508
3032
8731
8203
3930
2764
2279
9144
6565
6938
2103
3963
5070
14
213
887
9463
1574
7150
5178
4823
634
8222
5973
9281
4729
8539
411
2846
1681
5757
6437
7574
9051
1610
8735
1630
784
8320
947
7500
6044
5724
8528
1414
9870
7175
6278
632
5224
3408
5841
2052
4074
3637
6736
7251
5173
2491
7921
7738
6719
6525
5658
8216
466
5856
5574
7259
7552
1365
443
2291
6024
56
9284
4334
2334
918
8784
4882
2778
1899
1590
7546
6927
4329
7138
9319
7334
789
7105
424
5894
8107
9013
613
6594
4113
8677
9444
2816
8889
9733
2974
5746
2880
7757
5980
3394
7316
1912
3995
5854
5571
6155
8158
6142
3806
9328
8707
5182
7820
9231
5822
2892
8187
1528
8753
2224
4865
1055
1005
3379
5553
2052
2322
941
3753
1790
4226
7023
407
2211
9860
6313
9372
3766
5637
6938
4585
222
7608
2562
3446
7743
4558
6277
6834
7608
7761
2958
2436
8104
2330
9837
4351
3789
4802
6639
4357
3226
7030
296
5442
8149
9027
5504
633
8650
1601
2327
6669
4431
6669
2630
7813
5638
1998
3204
7442
5752
6504
241
4973
5380
9759
755
6121
4660
8387
4666
2168
6856
7114
4866
6826
2673
6124
7749
3760
252
4792
5450
9886
8840
1875
9758
2158
8662
2288
6877
641
9629
1067
4109
8593
6775
1616
4088
6515
3964
4441
8052
1272
6905
1652
1328
8850
8188
2835
4237
6451
7054
524
3846
8256
653
6673
1950
373
629
6426
4165
7443
5307
6446
9270
5732
8438
193
5104
3215
8650
471
2383
8247
7506
9703
1830
9422
2377
3994
7628
3878
3286
531
7360
1864
7217
6905
1945
1150
4422
5343
6831
7114
4709
1684
800
3306
9316
7734
8976
6979
5698
7186
7584
9674
5304
5462
1801
7666
1166
6536
9765
5343
7878
5135
7163
7929
5545
9343
725
2652
6189
3362
223
8076
4416
7010
8575
2374
2036
7427
6091
82
9831
9357
2187
4837
493
3735
3692
2498
2396
1903
1870
640
5492
1222
2059
3975
4553
5624
6053
5060
6990
6681
8282
1628
2448
4411
6726
318
540
2044
278
7776
2030
6524
8964
5451
1895
9581
5252
2499
4890
9427
7018
8910
8851
2539
1189
9383
8068
711
4364
5642
1150
5863
7892
3167
8632
84
1019
6404
6975
2181
7044
5394
1483
6437
223
6946
4105
1948
7924
4872
922
3305
1324
2733
6663
5793
3324
667
9359
9473
9455
4402
4079
7008
2255
6360
4717
5040
6656
7036
7234
8499
9193
91
9281
6697
0
5820
3143
6760
3552
4758
433
405
5786
8225
277
4494
7029
9866
2094
6970
8163
6848
327
5048
9026
4811
5363
164
9419
9932
2103
1672
1642
9311
965
1727
8619
5854
6070
4244
3789
1055
9602
6266
9398
5918
1327
7765
1875
4757
6468
8613
1082
3687
4745
8546
4750
9260
8877
4963
6414
678
8003
937
1723
243
3643
9816
499
4171
9096
1942
6991
7881
8451
4764
3877
8583
7179
5018
651
3954
4342
7558
7449
3052
6585
5684
7721
9696
8832
7122
8270
928
2395
8586
3278
5866
4534
5499
4334
2249
7779
1009
1464
7128
9973
1248
6139
1473
1003
9248
6144
3012
6024
2226
8836
6947
8603
8913
8087
9354
3664
2100
9183
8972
6882
3872
8953
2120
6923
2010
7454
2442
4889
1977
7966
9486
191
6634
2124
6112
3301
7133
5398
8111
7821
8093
527
4815
1796
8221
7178
3502
6080
3534
9221
190
7004
6509
9920
8017
8477
8121
4328
8515
8480
7330
2197
6449
1619
4285
9580
2727
6301
6804
9362
7111
426
2442
4414
6742
3254
4828
584
1184
5173
7331
7316
8940
5005
2422
150
4986
8609
2365
1137
4264
5868
7184
192
1716
2934
302
7471
5292
9669
5129
4599
4529
5234
686
7940
3770
8839
8898
6661
6213
99
2920
8272
9368
1994
5312
7183
6454
4811
6217
2587
3693
5919
6375
4659
9115
3131
2128
697
8033
994
4560
6745
2944
5147
9164
5255
4208
4378
6867
8916
176
8221
8193
461
1319
7797
1405
6624
2201
607
1842
5755
5381
8206
4651
3267
2507
3639
7992
8861
7259
5817
2189
7789
4808
5191
6937
889
8940
5331
3603
9241
6581
360
1601
8478
3405
7380
2867
2188
6471
2480
4332
3461
8533
5054
6384
3283
5031
6686
9945
5633
3710
9597
5540
3463
5150
2090
1224
9296
4482
4982
7831
4073
3369
2264
8892
5545
3870
362
1556
295
9093
307
8506
3725
6865
1265
1627
3703
8579
803
4088
1336
1981
7473
2585
553
3733
2841
5486
5022
3157
1095
8865
9640
1967
1424
8759
7216
5789
2635
4150
6694
4006
7579
2912
5111
8637
9581
334
3732
4244
5291
9112
2485
7902
2315
4720
6345
7297
3048
9390
6984
3034
2859
6486
1896
2955
1877
6774
9432
2079
2843
6795
3037
3502
8910
148
1798
3708
981
638
5918
3116
9930
1902
8205
7443
6911
6669
7979
9367
7915
6829
2435
261
6420
8474
1087
7329
5290
6476
5174
6472
9198
185
9135
6226
845
8151
2784
8500
8014
9343
2119
6305
2835
3213
8996
8993
1743
5828
5570
7433
5829
1230
9617
8458
1528
1409
1809
726
9092
6862
1676
3484
4808
3219
1520
4533
6319
1343
2567
8919
9450
7413
9541
7879
6267
5130
6974
1755
6912
3001
4562
4061
4475
2694
5527
6044
3114
9952
8640
7837
1831
4319
6383
1647
3214
1676
1332
3851
1590
9088
5025
2954
7838
9573
9596
5264
5046
2121
1167
3047
8695
816
5360
3607
6832
1353
5064
6032
3166
4793
5523
8842
6519
5556
755
2900
5267
7242
1216
4921
8583
1421
9712
5824
7439
8769
3183
4466
9399
6573
4283
6999
3895
9758
5839
25
2537
2682
826
5514
7416
161
4219
2386
4727
9440
6332
4432
4459
720
7896
7217
661
7387
7833
8447
9776
2046
6098
9905
5827
3466
5478
2288
4372
6597
8436
9481
5354
7149
3344
4094
7853
2573
3006
5159
8796
9832
3245
6679
5226
65
3886
7961
7317
6173
8624
4809
5797
4113
3562
4607
4158
8581
6356
7622
4642
442
2818
5802
4246
8167
3725
128
7343
2783
9856
3440
5609
7455
1932
9181
5364
8963
2873
1365
4315
856
9993
5363
9298
6780
9466
1378
2747
2194
2969
4364
8021
4577
9485
5329
2450
860
5927
4963
4548
6413
7604
9470
5779
6282
7292
8005
349
6697
4346
1703
1675
4000
648
8385
8843
2453
151
1485
9743
9956
7528
6104
5714
7119
8138
6368
18
4415
6832
7820
2831
8457
94
615
9934
5308
8752
9396
3658
4791
4615
2037
2648
7751
5409
4774
8117
782
1956
8100
7086
9263
2343
3468
9979
982
9548
6286
2602
5381
8670
2191
2164
3896
3827
5246
6637
9434
7246
9326
3581
3185
3428
7698
5942
7556
8360
3400
1250
9373
9781
3612
2459
9161
7112
6829
9302
3483
2328
6844
5597
6305
179
5712
7735
5839
2470
5047
246
3976
2808
2103
5916
5067
611
835
6235
5769
5665
9881
1992
4948
239
7911
203
323
5872
3310
5750
7267
8609
4351
751
6264
4708
2370
5196
8689
1467
2166
9450
7209
2611
4883
9626
3817
7387
666
1577
9018
687
9694
9610
7625
3109
684
6658
3044
4339
9925
1759
9792
27
9948
966
4029
5989
3723
3560
8161
4439
9264
4816
1265
9619
6645
7435
5087
525
8445
1797
7228
6072
7290
6876
5646
3740
9260
7171
9885
5269
6420
6277
5096
5451
230
3908
9349
9210
7853
7437
7957
4398
6984
2538
5525
6268
8610
5748
8289
9167
832
4738
851
1774
5075
4786
4169
1047
4813
2947
933
3274
608
333
2349
8884
594
5581
5235
1527
3693
2337
8815
274
3506
6253
2825
7826
3582
8551
5795
149
4325
661
6242
8166
2043
305
8973
106
3426
6853
877
8470
1645
6553
9397
187
3506
4599
9180
5039
4030
8487
3413
6505
5171
6828
176
777
3085
9834
2617
4098
2706
6498
1949
1572
5799
8011
4349
2106
9023
6367
1532
8765
7550
3519
1203
4899
5980
8164
3491
2984
230
9475
3386
5223
8238
4796
3934
1829
2610
5392
4615
9914
7290
6252
7610
3933
8955
9366
383
778
1177
9122
6996
35
1625
2306
5162
5121
7252
7000
5629
7445
6583
4825
2450
4079
5367
1713
2312
8297
3714
4908
4481
5682
7489
6792
6586
8419
2426
1413
758
4303
306
3717
9785
5883
6752
5974
2272
4087
4844
3753
8478
2041
2598
1166
6112
3285
8643
510
8690
4523
2337
5317
843
7837
7836
730
2979
2010
9466
3916
3606
9228
4929
4058
1376
7051
5768
5839
9623
7212
1786
8569
9673
6137
6935
7204
1002
9918
148
5592
9439
1549
3155
1724
5017
4063
9902
6453
6025
5912
2125
5935
3826
4326
8183
3558
4653
405
1733
689
5109
4113
5729
9916
9106
7802
6445
3649
6451
8733
9905
4755
8212
5
4620
3142
1952
8093
555
5246
6159
5504
3864
5426
4800
1055
5466
988
3475
415
9546
1841
3581
9820
2053
2584
1838
7214
8621
1656
7327
8487
2299
7202
9076
965
5567
9560
2338
938
4296
152
9290
6374
3647
986
627
3966
8637
770
502
7371
3820
2081
4147
9665
8875
3743
9185
7066
2924
7853
5602
7471
6231
8794
8004
8946
7921
9220
3508
7675
9224
9225
7454
1773
9013
265
8703
404
7684
1273
8619
3502
7407
4103
9050
8883
3206
6069
4270
4354
9979
7892
4928
8201
3754
687
6040
176
3670
7120
5146
1603
4255
3091
9309
6027
511
5941
4584
4759
8963
6616
4950
1500
9575
7286
5448
1318
4554
3519
8585
6330
5073
8594
3949
9434
4311
1556
690
3123
6178
9375
8249
9367
3745
4330
3502
4898
641
1185
8258
9179
5487
7409
8602
7977
3080
6802
1472
1887
7916
7809
5591
8918
5985
3897
4509
3813
3699
5102
8057
9583
2121
5973
9027
746
2291
7523
8211
6503
4159
2561
6097
2595
11
9593
6540
9465
4661
128
8022
9089
431
4847
7212
6457
3230
4815
5764
15
4161
1008
7903
7208
5870
4807
3230
2112
712
5570
8032
9054
8301
7961
2585
691
1244
6691
4815
9695
3363
6690
6478
2225
2023
6332
7499
5673
61
1559
1430
5115
4741
1312
2984
834
38
9623
3644
1854
3972
7627
9882
7387
6254
4670
3134
4176
4612
9204
8056
1185
5926
3294
5100
417
6184
9549
7993
2040
2290
4133
3879
6045
8051
4688
9433
7824
2117
5611
3426
3111
3931
7905
7989
1858
6775
8818
5732
4349
7913
8496
3370
930
7426
1606
6628
9992
3671
6917
1449
9308
6800
5917
3131
3850
3776
5204
7062
1400
3503
4310
4501
239
3090
8793
8852
2247
9068
7803
4623
6158
7054
4042
1562
277
1563
6016
1866
952
8230
906
3488
1543
4476
8547
1750
2693
4942
65
8706
2572
6631
3452
2600
8123
7756
2006
699
6862
4625
3836
4580
8424
2088
6119
4651
4448
6196
4495
6354
1813
2540
3293
8018
6446
4651
9788
4764
595
3636
5339
1377
3586
4370
721
1966
6975
2205
2430
9263
4763
7850
5305
8277
3439
4282
6443
6114
3525
1362
9831
9376
2595
1578
7093
8001
245
6543
1754
5362
2215
9475
8790
7401
1852
3876
6905
9533
6333
6730
3506
884
8721
8362
4550
7655
4677
2536
474
8370
3913
7945
8333
7816
9815
4454
2820
6228
1281
1404
8483
1146
6197
1185
821
2763
9039
8241
3913
2151
91
454
5321
7341
2118
4790
9799
3102
7409
838
631
1104
3152
6941
8083
5054
4229
5427
1887
6957
3155
4360
8442
5225
786
929
8877
2749
3359
8956
4067
5314
5181
5205
1525
591
3868
3762
3649
6623
7540
2361
5510
480
5198
2209
3727
9431
5983
9733
8121
6624
6706
6005
4499
7859
481
791
8065
4787
8768
3339
6845
2225
4934
7804
8955
2189
3768
5921
9223
2700
1476
4596
8253
261
8119
5578
7156
9381
5228
1441
2632
834
5185
2888
4370
6589
9079
2151
2534
7632
7494
2896
4314
8695
7050
3405
3390
7084
7503
1737
172
6922
564
7483
6446
8163
3199
5436
2022
5437
5661
5978
2333
7831
8132
7621
4876
2329
103
7894
368
8713
3941
2064
2126
4058
2590
6446
9763
1967
8547
8796
8358
4062
1145
2578
4701
7759
1866
8619
3209
9027
1656
228
9119
834
3182
703
3843
4077
9157
5879
3827
5106
7328
9646
3677
2365
5925
5219
6750
11
8793
1599
904
9322
9190
4270
7951
3981
4971
4843
5665
8012
1969
3
2560
1447
5493
1980
2301
8507
4486
655
9330
8077
6781
752
2779
5956
2068
6878
7570
3683
661
5670
2103
4580
8656
2162
9176
400
840
4431
7123
7258
7962
5084
677
5579
7931
30
669
7368
1342
4544
5618
3969
3134
1304
2893
5667
2254
8789
7061
300
9691
9572
8341
6846
6314
4434
1500
9165
131
3180
2193
1362
6538
4338
8705
7730
8886
3210
647
9769
911
4400
1654
1472
6025
8587
406
5293
551
9355
360
8490
4974
3951
2472
5374
3944
3315
1070
4599
7714
8630
7521
7945
7698
9353
3225
9551
4360
2148
1103
1312
7519
4771
1763
2414
9584
5181
953
5400
7780
9781
4226
3616
1956
1177
7554
9094
7823
5304
9843
402
6759
8065
70
3905
2104
5446
6049
4071
8758
2943
601
2723
514
3339
1453
9888
5048
3649
7772
7607
6456
5317
8197
594
8480
7559
41
5532
4754
9733
9967
4980
5383
7920
7540
4144
688
5644
3596
9725
772
8304
282
6133
8891
9006
8583
826
9397
6253
6867
8478
8584
145
9205
1077
4149
5212
5040
50
8102
4782
773
1310
3622
3976
847
2296
8716
287
5903
4390
7958
1147
676
4633
7902
8591
7110
383
3611
7299
3264
9169
3399
3501
6168
733
7400
5550
76
5502
9422
8312
3850
1303
4712
8493
1563
3935
9219
2307
9358
3125
9120
1540
3341
3013
1104
6306
6174
3603
8718
8760
440
7380
9034
9563
4240
1837
4126
9727
1055
7875
1038
6150
2481
5633
6017
4355
3181
6375
854
9069
6364
3903
1861
1647
4664
9052
5332
8076
819
651
9698
9344
7184
1547
9539
7649
9185
2313
9545
1652
1199
8564
571
9532
1872
7120
357
2638
8280
8118
8795
2592
8606
8936
5115
2127
9081
5185
7470
6864
760
4731
8939
8718
4923
2747
6649
9682
2225
4678
558
9713
6638
8183
7352
7551
2793
9593
8055
833
9520
1374
9110
2688
7496
3986
9540
8426
9876
2362
499
4610
9969
6406
9437
3303
3437
4246
7021
4450
1346
4952
6881
8362
6050
2399
1610
1330
3440
3935
3037
1665
9241
5989
3450
1186
3373
3284
5734
3922
7502
2634
4983
7190
5124
1425
251
2751
554
9713
5989
6438
7816
3362
3606
9362
7774
8368
4724
9561
3642
3271
1273
802
2887
94
5483
8248
7554
9712
5715
2027
7369
2053
6189
2081
9459
6831
9819
7050
7654
960
3141
4961
5257
553
657
4654
7318
9677
1307
8600
9163
1685
833
3400
4686
2156
9262
601
4891
4122
3985
1627
4347
7710
6649
118
1842
9637
1647
2428
5381
567
2640
9767
9575
5456
1909
6178
3295
5404
2353
9204
9303
1132
8615
6710
8099
2469
9590
86
7291
8295
6450
4980
5655
6971
8943
2666
1255
6486
1388
5304
7996
9579
8906
7885
2278
5964
264
962
7387
6864
3869
3488
5409
1072
3280
5170
6632
2380
9607
9541
8823
6891
4459
6267
465
2607
8388
991
6484
4119
886
4915
6990
4670
3512
5046
1947
9504
1437
4113
5456
5645
5616
4752
5518
9814
3105
8030
3075
389
6726
9001
9762
9401
6576
8132
3565
4718
4188
4827
7581
2587
4545
337
7807
3909
7437
4710
3674
8177
7479
3300
1728
1223
7232
4825
721
466
4492
3935
1927
3028
6854
4758
9650
3926
9109
9683
9120
1260
6841
9361
775
4807
4433
902
4195
3876
4413
9089
2887
9331
651
9503
8721
8098
1633
8861
8607
2247
950
2504
2824
9084
8604
3216
3753
1765
6269
6139
4972
9949
370
6006
5958
8734
5002
5350
942
9968
701
4812
3621
569
798
9126
4838
7794
1318
8483
6668
4522
4482
2991
1754
5091
1323
3948
9483
7482
6382
5473
4343
9589
1736
5244
2222
6005
6544
6260
5188
4283
5825
5306
3065
5735
1186
3325
8516
7803
9267
6140
8187
2670
7446
8998
7042
6604
1352
9437
7165
8027
1243
9273
5236
7368
2257
7849
4210
1312
8263
6053
2602
475
7979
6879
4887
9922
1500
5991
2749
9041
6253
4046
1617
6552
1413
6626
162
3707
9270
3079
7923
1785
2471
1671
1959
6522
929
8993
6391
4594
7378
3549
7410
1586
7698
575
2610
6270
7536
4362
4535
6472
6519
9867
9042
9051
5554
5030
5104
2308
7257
6575
1457
2235
200
7903
1396
9967
5962
4374
7329
3151
5959
9519
7426
2966
5239
4079
9071
9086
8866
6519
1732
132
7045
3338
6113
7212
8387
408
9855
7643
1910
6520
7290
579
9568
4452
3407
1468
1891
2078
9171
6444
6616
913
5629
1945
5296
1282
3089
5110
501
3285
5914
4858
8828
5036
5668
4398
6330
6986
7251
8292
3648
390
2259
8389
6852
5307
445
9251
413
9964
7010
6349
6747
5829
4855
2465
7312
956
1405
1227
8063
1591
7100
8524
9984
8919
5644
3158
2925
3201
9840
1459
636
8078
1471
3830
9752
744
352
7161
1278
6085
4529
6453
1634
3648
1876
7408
2172
3906
6887
4657
7763
4944
5423
9807
867
9598
5968
55
6622
8529
6810
1468
5517
930
6451
8825
5552
9391
5806
8130
8794
6523
6694
6809
6226
2262
5401
7772
855
4887
7411
3371
7188
8085
8325
6471
1836
4437
8914
4854
2882
3742
3990
6820
9623
3768
4867
1571
1552
3763
3978
2611
5540
4372
4130
4076
1055
1274
1704
6712
8646
7343
2900
2638
1848
3322
2803
5753
4908
273
3030
7079
381
2635
5095
5869
6223
6164
8387
9992
6076
26
3912
142
896
6132
2924
6179
3309
8658
535
8663
9292
9391
6687
8013
625
2003
6014
2567
1721
9541
5954
3405
7747
5422
3216
5660
6648
2920
9414
1483
9176
2982
1420
472
1362
6541
1382
1537
1104
9040
5001
7935
5789
5321
9495
6477
3476
2947
4441
1702
8086
4677
1592
412
4536
7241
8151
2085
5590
5834
2305
9952
2840
7179
7915
4166
32
8133
9509
923
9260
9785
8082
2243
9358
7411
5985
9297
613
1679
1560
8651
8488
5573
7276
185
8143
1040
4912
4140
3742
9117
7111
9148
5487
8655
9591
1818
811
4623
5580
7540
5572
2352
1366
7607
5730
8785
6625
5870
4056
7435
7583
904
5298
1658
692
2088
6718
985
2541
8566
5140
7862
1325
5987
7859
1844
550
7353
8969
9967
7056
2433
7646
4283
7578
6430
2462
2805
5770
7399
5137
3675
5938
1411
4409
7847
290
2796
839
5766
3299
4933
4427
7592
3463
1112
6710
3616
4379
8984
5485
6666
2373
5
9405
5516
1808
8702
7333
8245
2369
737
9908
7315
5478
8846
7344
2545
9258
6282
2016
8796
263
4766
1655
8487
2632
4863
6381
3285
1562
2489
9612
675
3423
4277
3444
7096
5598
5434
3051
4500
5930
2879
4965
518
4829
4767
3435
2218
7441
8277
1835
63
5292
9350
6188
7175
8181
8718
2637
1511
8055
3922
4297
3806
6081
1605
488
9747
3239
2518
8453
5287
4169
2918
4823
6745
7069
9208
6591
6952
9643
8929
4285
9459
3654
6031
1535
7788
1810
5782
8024
844
2390
7333
4408
8960
4256
7784
9277
9296
239
2358
8966
6160
5105
2890
656
3824
1945
8703
7663
4590
4460
884
3195
4475
1721
4159
8596
2219
450
6638
451
5830
1244
1112
7694
5676
4687
5266
9656
213
8346
9438
8851
6741
9894
3246
7874
8575
6661
9094
9648
1265
1383
3663
2967
3965
5785
5864
7006
1655
2682
4359
5986
7610
827
3806
3263
4870
4323
8408
7291
5988
9212
8258
5407
4058
5518
54
3187
8457
2325
4419
117
9443
1265
4425
5254
4379
7722
3776
8545
8133
9566
8536
2168
1724
8505
6794
2669
6594
3040
590
8763
9394
970
9798
2382
9777
1851
5880
7797
1123
4494
9641
7554
2618
5742
2308
6220
314
2593
6281
6882
2775
2529
8339
3659
5808
7529
4562
414
3333
1641
7607
1803
6066
1558
7518
7925
3024
3185
4149
77
2881
7490
395
9388
90
4737
8212
684
6589
6736
9721
9252
5123
264
3772
1230
5097
3887
57
2454
914
4259
2935
8865
538
1446
8366
7272
9786
1430
9091
6271
9527
6471
3887
8518
7445
6575
4526
2268
4633
5101
6371
1899
7133
1863
568
3908
5932
9791
1298
6824
7661
8866
1972
176
1132
3917
1434
3625
9795
7276
2806
7839
2441
1504
312
4245
3617
5099
1221
3119
1347
8123
9226
972
7447
5185
5834
5411
6253
3870
7539
9704
6570
4761
3551
5659
1901
4751
679
5534
6352
4935
8721
481
2586
9265
2858
4396
1745
9530
1902
6120
5917
7022
6356
2714
2231
7003
7479
8317
4912
8942
5855
7931
4910
1949
575
4584
1537
1360
1767
2459
1732
3085
4073
8985
5183
8766
6344
6448
3913
8624
5277
7501
8987
283
6516
7226
3440
1081
1683
3351
9864
6501
9050
4372
4012
9250
4133
7593
9324
9429
1103
8723
8371
5599
657
8219
8636
6331
9848
2547
2398
8385
4821
4624
7203
7860
7981
9759
6
4382
2129
5590
7883
9590
3992
1512
2968
9707
8632
5651
8065
896
7091
1066
98
8628
6238
3594
7781
6493
6205
828
4787
1376
8330
8774
9159
2799
5941
1934
2942
9455
245
3884
3147
8869
3149
6954
6983
1213
2297
6779
2293
3911
3703
4581
6436
158
1651
1324
9629
374
2795
7788
2908
4178
7553
7715
4844
6927
8511
1305
4171
9408
8020
7214
61
8838
1021
9966
5980
4300
319
6051
2508
5069
2640
2247
1549
6738
4917
4499
6010
6220
4614
5337
2926
5498
6766
4059
2022
4088
4143
6519
8337
948
7234
3440
8596
6302
124
8057
8811
7035
796
5280
106
8214
7664
2852
6129
9172
4567
3557
3422
7538
7682
5127
4652
3373
5076
706
569
3678
3881
4201
5765
1776
2210
2149
5750
9119
1054
3646
2312
8031
6020
4070
226
3638
6717
2513
5941
7127
1054
7028
4253
3388
1219
7545
7434
1135
8616
7628
232
3605
9600
2518
7322
9688
9929
851
6693
9775
1159
9010
424
1020
2924
552
4346
4785
793
1873
4940
5424
894
1269
3325
3454
7325
3539
9036
9763
3629
5597
9864
9905
7226
5519
3268
7919
7306
1613
9334
1121
8107
4968
4510
3893
7911
9036
8084
8060
8713
6905
3290
4770
7130
8716
3216
3501
2132
2858
8263
1838
5928
440
8317
3079
6618
3210
9415
6666
9354
9286
461
7881
8542
3252
7518
383
4506
4501
6869
8377
1362
3500
6435
9587
6998
7693
3036
203
124
5121
4222
804
9356
6947
5867
2842
7508
3354
7272
844
6396
9236
6109
7499
1636
2619
973
541
6329
8598
6000
5934
2758
1199
3404
5685
9687
1820
6787
830
5081
8252
9333
1017
1566
2353
5541
6894
1164
8052
8793
3210
1349
169
9052
7819
8545
528
8638
3045
6535
9797
2219
8718
2491
2469
7240
9628
1169
845
2601
6889
6208
1504
3568
3104
8801
1365
1329
3639
9862
299
7825
3592
3224
3082
9564
3038
1353
2088
7605
5480
1641
4084
4952
9069
8499
6658
76
9837
71
3908
9684
9920
8179
8673
2436
2813
3402
6180
753
2441
4919
6132
4385
4426
5162
9643
8722
7430
8864
7398
9574
8093
2626
760
4732
5856
5812
315
9386
8300
6158
2340
2470
5719
1655
5777
2420
8822
2204
3442
9866
1480
8753
4178
8223
3475
702
2224
3217
4777
939
6158
502
8342
7030
3253
9403
4345
9281
419
3480
7805
9721
8547
9796
5298
5136
823
2181
3085
8476
9027
8015
8681
9289
8777
878
8952
9049
7021
3647
1658
9676
6901
2328
9864
8075
1503
8312
9118
2269
5743
7225
5187
8173
1715
6690
6166
3635
8020
8377
8390
3934
5179
7862
9294
147
1582
6882
9244
5743
3286
5134
3053
6440
8206
8480
358
2194
7482
7129
6305
8398
6658
1602
6450
8141
5017
1300
213
9506
446
6310
8455
1589
8174
4097
4669
1283
4836
8880
6932
9747
6719
5075
6278
196
6302
3219
4822
2658
4986
7936
3464
1127
2128
2549
7904
4766
2474
2429
3813
1986
4456
4367
2386
3957
1040
245
505
5549
9488
2011
9044
409
7900
6994
4394
2754
5464
292
9465
7004
1747
7122
8902
4508
558
9048
9167
3667
7176
578
4521
2536
6999
5993
5467
6819
3285
4166
8998
7462
4165
8567
783
8134
2176
2207
9019
7911
2225
5431
3814
7047
2985
3138
6623
8128
9711
6975
1380
2945
2824
4055
9989
5238
4814
6278
6072
7395
9201
9751
7641
592
4263
840
8331
4926
7425
8669
9791
3848
5899
9920
8895
677
5519
6646
4504
7001
8600
3004
1618
6907
398
6704
8894
7473
3698
6205
3355
8888
4119
158
2036
3520
9323
8963
6745
4996
8673
3985
7817
5079
1165
8948
8073
2842
9675
8640
787
9978
4924
1589
1822
3478
8013
1777
3254
3070
598
6911
2152
3223
3837
1693
781
3595
6868
3291
8832
2541
4117
5471
2125
3770
9656
7382
3159
3611
2687
5557
2870
535
703
5629
2860
8741
9563
7293
7235
9247
9422
2433
2181
19
9157
9241
1654
67
9943
1652
1938
7692
5426
2747
9167
5315
7266
4922
7758
5403
4368
7769
4404
5140
4406
3865
6879
4349
3835
7545
39
2394
9679
7192
8083
2945
6436
6933
7989
8686
5575
1267
8291
2470
2138
6312
851
5048
7759
3141
5762
1087
5219
6943
1985
341
1396
7371
1964
2882
8768
6217
2712
8706
1532
2759
4729
1364
5950
3063
941
7550
5304
6347
7865
7614
4818
1484
2798
8267
6546
137
4375
1115
5034
5853
4753
1086
9806
6425
7783
3367
4432
8225
7017
7050
42
7491
6057
4769
1671
3889
179
6184
8399
496
3014
233
7838
3721
306
5170
9967
7084
2416
1522
6666
1509
6152
9523
8375
9303
4611
5696
5597
4116
5647
2360
5004
1919
120
5339
2515
7096
345
7633
6063
70
1055
4218
1729
2020
3605
9792
2843
1442
8433
152
1095
4524
6971
7864
4435
5783
8629
7906
6685
9671
8972
8414
3494
6063
5786
455
6886
6032
2420
7548
6701
9762
4023
2422
8945
6528
9866
5864
3417
2061
7872
6450
5893
4501
7708
6193
1847
8255
2481
3297
7250
3342
7718
8450
5309
1559
7522
7928
6804
2652
5321
764
5820
4551
6499
656
7297
4099
9093
8448
1982
6499
4511
5700
4183
7878
3985
5282
6374
4690
5754
6640
3489
5373
7583
7863
6644
7595
7253
5779
1681
3954
635
7575
8624
7401
6838
1565
6676
9007
3130
9643
5949
88
962
8849
7811
2865
5997
4351
5733
1925
7077
5892
5694
4760
733
6625
7488
5184
7942
9195
2624
8052
3950
5727
8318
3581
2006
4097
64
4441
2190
4797
7786
46
8975
6654
6411
1307
8180
2892
1415
9994
6134
3808
5373
2354
6531
5555
9140
5369
6138
8389
3687
103
7430
3882
7098
6821
5813
3663
391
1733
3555
9018
7514
7707
9608
1294
8933
1288
90
8381
1665
7591
7296
8585
9266
3696
9957
419
3557
3883
8821
7413
6344
5167
2760
3627
6374
5880
9815
9659
7102
4950
7807
6069
8064
8354
6865
4070
2947
1244
3156
8055
7989
4111
2232
9122
1136
694
5752
2836
4709
3384
6635
2798
6329
5375
1558
8230
5224
3879
3970
9338
5994
7009
9109
4868
9792
375
6736
7865
3579
9290
3108
220
1066
7287
6018
4720
9645
3976
1054
5114
6235
5798
8591
5044
1932
7820
758
4670
1716
4280
1832
3376
3213
4538
3833
938
559
1775
4151
284
1167
1351
9104
4097
2881
1058
1281
4806
2107
8553
2013
2025
280
7641
5046
4524
8310
6618
7338
6873
7869
6110
925
2384
1596
4389
1487
1131
7665
4237
1706
2370
308
39
5003
5674
6384
2804
1258
3097
7984
8399
1591
1093
5347
979
8499
7402
4075
9341
8840
4922
5735
5821
6710
4302
5754
9030
1276
4123
9000
7381
1839
3536
2350
9502
1801
7500
2443
1505
3713
2732
1902
8924
7698
9698
5197
9146
779
8801
4015
4105
6883
3717
7927
1929
7255
847
9501
6976
4482
8638
9707
7739
9816
7482
897
1967
5054
5305
5941
6334
1881
6788
58
5541
9809
7172
9724
8081
9938
454
5862
897
4704
3022
4800
55
9620
3895
9320
1289
8967
7576
2635
1572
1945
5267
5360
1200
1567
3287
5666
1582
4391
6933
2505
1069
9561
2767
8515
7020
4475
188
355
4507
401
5193
7030
2506
5184
105
7343
9587
3134
4333
1486
643
9191
4783
6705
6707
5534
9736
6039
6485
6926
3938
1517
7466
7948
3079
7319
2928
4444
4952
1020
6281
5964
9706
3774
7318
4800
2650
6853
8354
8235
561
8696
9948
1542
9267
1111
7565
5025
4978
8983
6103
36
2559
9499
1806
5680
9120
2747
7920
7174
3917
3460
2895
3891
3477
7292
7376
4776
4013
944
9708
3922
9640
7883
9348
3066
9379
5013
7937
3322
3303
1287
3321
442
2993
7558
9294
1895
3662
4340
4208
960
4176
718
7603
5948
6350
4914
2507
795
4007
5330
8803
4839
774
2814
8094
1494
4450
2529
4101
7775
4509
1162
9198
4983
6572
9028
7821
3335
4581
1220
9077
5804
1924
7344
1191
8570
2249
183
1787
1854
1563
7280
2893
3982
8800
4562
4078
255
8116
4381
2091
1748
2134
8532
8091
4397
739
6360
7793
931
8602
2594
8449
6846
1774
332
3664
1346
9962
2268
6933
244
5518
9518
7243
9116
8136
9661
568
8681
9470
5438
2392
4203
4008
9930
5714
3265
283
1206
3372
495
5375
2704
9547
6748
6961
4311
4690
8502
2549
4567
9547
3314
804
7408
4596
7588
819
4819
497
9255
5076
8344
4432
4025
4085
8063
89
2630
295
577
5475
7312
329
5986
1188
2376
7682
4421
7473
9819
8014
635
2163
3292
6464
3130
7019
3386
8549
2487
6220
9262
2729
352
694
6563
6595
8695
6371
9714
1051
6190
2538
5512
9612
8700
8721
5991
7621
6266
5984
9142
6841
3885
433
6869
2726
5712
9283
7186
5171
7469
3309
4193
8914
1655
5231
5036
6885
7607
917
9238
6381
2594
9253
8781
8269
7795
2823
8972
2253
1674
7380
3130
3498
9088
6407
7443
5307
2646
5713
7568
1407
42
4409
2725
6114
4228
976
8503
926
1347
1937
7513
2062
5775
6039
9490
7934
5435
3050
860
9806
7881
3313
443
5750
473
5675
9943
7011
8304
1257
6296
3678
7281
642
750
7470
7562
4970
9419
1652
6174
5869
9757
5141
4202
8118
3627
7637
5350
1612
2826
5885
1707
8187
2925
1583
1627
1936
8200
6433
4753
1438
6527
4229
8070
7679
3328
3177
4093
8756
9497
6522
3500
9261
5719
1251
3991
6260
8748
5060
9322
2723
2812
5342
3379
5366
3572
5706
8218
1787
9480
5033
447
182
1432
4390
1038
3937
2990
5048
8704
449
3286
3812
817
4611
1370
4879
3674
9973
6777
5504
3723
4050
5908
7684
5479
6805
4741
4604
1707
1535
9804
3072
2940
163
2103
4695
7932
5214
3260
7406
5209
2788
7479
6486
66
3621
4987
3851
6871
4943
5367
6718
5244
8333
182
2564
3289
1453
4898
8455
1409
7872
2663
1082
1373
4682
3168
3530
8037
1449
5696
2496
6090
3698
494
8436
547
6150
3214
7707
9970
2084
7624
7776
7633
633
6808
3265
2975
3426
2913
9728
1073
4098
2286
7626
5814
7470
4983
5349
7212
5446
8620
9522
3689
2127
9697
8305
1031
2939
8678
9492
5822
8153
6882
9372
5727
4921
5500
3104
347
8136
8181
6876
6510
329
9365
4357
8940
6853
6240
5658
9734
9961
1141
7255
56
5326
6179
8387
7490
7686
2056
2106
1633
8786
648
1669
3321
4417
8982
7940
6386
9010
6402
2941
572
1962
3087
1006
2817
4065
8560
8271
2053
519
3454
3923
1084
4116
2584
1101
9896
189
408
9280
1917
4979
3246
8158
6452
9509
8171
7010
1720
9461
4028
9961
5536
6584
225
1194
1673
6871
9737
4743
2064
3763
540
667
8361
7014
2149
1491
6399
6948
8889
1802
1064
7407
1416
2621
3219
362
6255
3645
5025
6389
5528
5826
7294
4680
9583
3836
7066
4763
2625
8901
5816
3426
2147
6867
7059
3158
7132
953
1288
253
1568
5661
6500
9724
4698
9252
906
6035
918
5946
9441
1638
6616
9518
3304
8780
9980
5241
791
1089
8075
3439
3268
7238
2646
3502
7086
9512
4003
7796
8457
30
4673
2861
7814
508
9033
5897
8702
6660
2755
3004
3036
5932
7730
3263
7076
9114
5229
8565
2900
4060
4459
3480
6069
8757
4346
2033
9325
2402
1532
4566
3109
2394
3407
381
8242
1491
2312
2335
1363
5650
9819
952
805
4282
8617
6027
1686
2166
2774
8674
8532
1169
3013
7747
8977
8370
3379
7791
7846
8726
6589
2212
9905
2854
4159
7218
8460
6327
1259
5322
6587
9551
2129
9025
1666
4005
4369
5557
8065
450
266
4247
7837
3300
2590
1046
1419
850
8228
524
9084
3401
1081
2770
9488
4340
9077
1583
9224
2794
4982
7613
7116
5234
5147
2060
629
6913
8798
2704
8681
8724
142
4326
241
5897
3752
9060
7272
4103
6242
4174
514
943
8357
4420
1318
826
756
2409
7130
1089
7837
5758
58
1884
6602
3693
3268
2226
1956
8898
9635
1407
3334
6835
6405
2532
7817
817
7499
7176
9137
7318
6429
9627
1699
6830
6648
235
2945
6419
9222
3664
6388
9984
8232
7763
2421
1527
9825
2844
1480
8590
9090
7383
1669
3187
6285
5656
8884
641
8297
9318
132
6507
8610
8979
7689
1573
6169
9420
2176
9634
1663
6683
3791
4615
3338
4346
7886
1246
8097
3154
5244
3911
8586
5073
7648
4026
8526
5034
685
3304
4805
6550
6432
3087
4915
7945
6249
9307
4030
3840
3652
3497
9963
4790
1923
2471
5604
1701
1418
1624
3129
3033
7846
2547
2576
6768
4795
4715
5962
5246
200
9610
3027
8477
7929
2790
6549
994
8265
4613
3818
4715
3474
7197
1500
3844
931
5204
1740
6664
892
486
9323
6901
1225
5109
7191
1352
9849
6427
2453
2760
8794
1402
2856
7055
306
9765
5948
3010
6236
5832
6450
2769
7006
8257
5832
6154
179
9506
5587
2248
7161
1454
2204
4505
6281
1009
8996
6286
9183
3453
2181
2891
8229
782
119
1022
6128
7951
7804
6700
7094
9030
8953
4855
6283
4858
8369
6252
263
3717
3567
6200
5525
8932
2463
411
4986
3147
4858
5269
1648
9637
9453
3628
6095
506
7973
5120
4103
3257
713
8805
8060
2260
9875
1760
6270
891
2652
6589
7235
7601
5523
797
8996
1163
1546
8733
3617
5559
9102
7057
7409
3865
6257
9343
5163
8592
4613
2136
2554
1191
9382
6114
880
2183
2757
656
1914
3689
2349
1891
1676
3466
3876
3673
1273
600
5872
1300
0
3401
8003
2534
502
1834
452
552
1213
1413
7499
6218
2958
828
6393
5684
4776
5569
3522
5083
5124
6248
4680
7888
4436
6804
2901
3410
2456
6926
8004
932
5533
4261
5341
2121
9267
2431
4411
1547
4921
6397
9436
7131
8631
3292
5461
1234
1287
2232
6878
6998
6064
8603
3441
7081
881
7331
8075
1691
5415
98
5644
8144
9451
6271
8945
8733
3083
377
4299
1499
8435
4156
4811
4829
648
2924
3437
5614
529
126
1102
7988
6130
871
4396
9698
8150
491
8
3865
1112
2391
9322
4861
3278
6603
6274
2838
9811
655
6150
733
607
3878
397
6871
8102
7552
3686
7566
2186
9049
7366
3498
3613
9087
6748
5198
4567
4769
6691
7839
7552
4114
628
4256
6586
4061
1252
6712
6830
3923
8945
3989
5154
847
1717
7898
3700
6859
85
6452
6838
8523
152
2698
918
5543
1319
7346
6664
8647
1262
433
8370
7383
3724
298
356
9353
12
8088
898
5337
5424
9799
4639
7228
3159
8444
6535
3506
3340
9380
1337
3210
5867
9482
2576
7204
5871
7939
5517
4194
797
3139
4227
2744
103
9794
9630
5811
5054
297
5248
8150
4359
5094
2922
4975
824
4736
67
5992
4160
2660
8856
8857
3344
861
480
9690
7146
3154
9883
7590
8740
5210
4791
5628
281
2363
9310
1439
9517
8975
3759
9757
1642
8631
2487
9309
8299
6058
1868
6977
7109
3062
8518
3195
6333
136
5194
3804
2618
2214
8644
1816
2120
1561
1633
6453
5078
4664
9367
466
2317
4447
3169
6051
5405
5055
1178
9723
3285
3246
6821
7939
1183
1407
8887
8198
5990
2189
1778
9391
8276
5953
3582
4266
8637
1780
2662
2583
4786
7166
237
9870
7986
7964
603
4828
6307
6015
9223
9787
2681
1777
4787
3743
1073
1491
6319
1741
4397
4242
5467
3750
9516
9593
8876
6785
6773
5711
3818
2871
6032
561
1412
2712
3041
3498
96
8187
226
46
8371
4498
284
8006
8889
6396
4337
6870
2
1700
9993
9675
8905
4422
70
3408
2690
2258
7670
1903
544
8633
1126
9316
3856
6436
446
4461
6181
4933
6796
8670
4145
8997
112
1762
4748
7756
3714
2859
5508
6623
4011
5674
1250
7603
3110
2314
6309
8207
2596
4519
2749
6400
6038
3932
1029
9735
1547
2202
2830
1149
487
9380
9269
8726
9900
9255
7632
7651
2647
3688
6794
6129
6009
7349
6936
9040
2960
8765
6423
7902
2306
9467
6964
5089
4390
3982
3736
3571
1775
1316
398
775
2933
5796
6435
5307
9953
7067
6776
1222
8661
4047
7655
1536
535
9439
9024
9617
1944
907
3086
7521
7412
1696
6459
6015
1144
6203
9932
8877
9899
383
1578
4233
2395
98
4255
1142
6774
9970
7754
5992
1825
7556
8926
8911
4631
4493
5853
843
2178
4057
5276
5422
6991
6297
5844
4623
5825
7978
3893
1114
7541
336
758
1636
3533
4530
7021
9869
6764
8062
3767
7358
9181
445
3253
3298
5552
6753
6868
3009
6273
7435
8615
4631
8198
7946
3635
3044
8150
7614
3863
5276
7777
266
6982
4191
2415
6935
6706
4466
4441
2213
8646
7452
6974
4156
6543
781
2131
4401
9865
3384
2043
4213
6098
1218
2366
7927
2013
6387
9657
10
8246
6697
5618
4257
7613
3691
3861
9014
3360
4043
8160
698
2409
5941
9912
1158
1585
3604
3542
9265
8351
9780
3282
6826
8274
5762
3866
3957
5478
5263
2223
5619
9334
3235
2316
2137
5471
1967
4707
6851
9517
4635
7638
5089
7589
5277
8911
6159
109
6651
2653
9475
8571
3208
6571
2896
8201
7178
1807
3943
9410
2861
2572
1821
8284
6096
9652
6791
2210
2204
8589
7681
3116
7733
3454
8159
13
2346
6007
7819
665
758
3115
9597
8273
1449
7675
9113
6796
6816
8143
785
3876
4736
4611
7851
4923
147
3453
1614
5288
8329
5831
5414
657
127
5645
5623
4806
909
5044
2094
1288
5497
244
8162
8100
4282
1124
5737
3904
3143
6865
2872
2881
7613
7770
8371
9750
4623
5339
6418
8229
3560
3780
500
9824
3228
630
2605
6852
6812
9401
9851
6222
7848
8205
2807
5545
7055
6011
1766
1512
355
8646
6559
5084
6439
4916
5991
8883
4282
7347
3480
7311
2429
3194
3152
7870
1136
9117
9477
250
2219
3868
8823
1903
1288
2873
926
5044
5918
6596
5298
4584
2039
7396
7050
2795
1267
868
3516
2134
3766
7480
6499
7063
8333
6139
1726
9341
766
6807
5940
221
5309
1535
3350
5231
1707
6540
6989
5352
3016
6418
1875
7556
9833
639
2205
9727
629
5088
8661
7681
3241
7199
4423
1140
5612
636
1873
9699
716
3367
9069
4129
1719
1320
2235
4754
6454
875
9959
8474
9028
7355
5179
1280
4172
4362
4749
5967
8384
8474
4840
3529
8054
8075
4408
9416
7853
2353
8031
9091
3261
5153
1493
1305
5084
1449
4396
1309
1965
4553
1969
5742
7411
3810
302
2929
5700
8057
1869
4653
7880
3527
1719
7315
1681
3088
2347
1272
852
3166
1082
2017
3077
1610
3406
106
6625
7095
5195
8995
997
4555
622
7463
460
4682
5858
8922
533
2593
5105
206
659
1323
4679
9250
3517
2499
5363
2408
5446
3815
9431
7281
5576
6358
1198
5656
2889
8566
7997
2775
1024
3076
8082
538
6257
4121
281
8238
8755
2613
9518
4757
1394
8202
9324
8138
1712
8136
932
4187
4871
848
8825
4520
4666
7368
4376
4822
2537
8234
5462
63
6019
4457
7441
4106
2838
6401
2520
4163
4322
7305
2070
3415
9275
2920
426
1215
6381
1185
9730
4758
9418
4957
7478
6680
6479
6420
2753
3641
6821
727
7817
6223
2099
3132
7632
6941
6912
1351
7859
8172
2534
2994
4832
312
7506
2569
7812
8949
3272
2996
7938
8109
4676
3474
8992
3543
6171
7646
7467
3860
5328
913
2763
7705
66
4436
9266
8276
7074
9439
4477
5086
5267
4099
5629
4556
874
3553
9263
145
9701
4917
4087
6659
7880
4386
6124
9304
9746
8059
6732
3693
958
8796
1408
5458
1957
8995
7259
4854
4289
8221
556
1179
8493
4033
7987
6022
7112
2275
4127
933
5400
5607
5365
8269
3387
8979
8574
4975
840
7167
824
7686
8404
3147
5836
5023
3537
7405
6143
1525
8625
2229
1170
8153
7432
9999
2164
8219
9839
7109
1112
5959
2933
8334
4945
9486
7200
5991
1737
8368
4289
8573
5569
7283
5382
4756
9059
1491
792
6614
8515
6182
7029
6795
7748
3706
9400
434
6423
7470
8004
202
9630
4394
320
3855
4046
6731
492
3588
2195
9839
4657
1609
6845
1193
1959
1113
8488
210
4144
1987
5354
957
7233
7203
8006
2436
8065
7165
1149
5524
9738
6917
2484
3554
5933
9757
3392
200
8658
3660
4030
3856
9789
6711
4383
3052
5339
8959
9905
3296
9484
8504
5705
3277
4587
3665
9387
7114
3512
9524
8748
5649
6230
5931
351
3699
5600
4445
8332
297
5719
2996
7551
3496
7431
1772
6716
7824
6519
27
4000
4593
4095
4679
4706
7659
1364
3256
1353
7456
9119
220
9095
9576
3788
7088
4899
1377
221
7458
1588
4769
8718
560
1417
9946
6884
3180
3542
1848
3087
4639
7193
4090
4943
8582
3691
1946
6178
6990
4562
8331
3435
5048
626
6046
4847
728
7219
3953
9112
2800
6158
3093
3004
6100
9058
6698
2904
2298
3827
7289
374
7696
306
7133
8190
3737
3095
3343
9769
5477
9035
2877
9680
8140
9010
4663
2707
4775
3269
5381
6694
6716
2878
7912
213
6628
9308
9692
9096
7578
375
5382
7937
9682
5277
9456
1906
5235
7563
3486
2396
6211
6503
4940
9427
8093
2266
7830
9805
2481
6251
467
7609
1993
2854
895
6188
4356
5116
1204
6262
4001
9188
6100
1427
6409
2447
7942
1070
6808
8329
2362
5040
5786
2556
2763
9318
7999
2526
1648
5120
8746
8842
3070
9654
3324
924
3886
789
2375
7286
3334
2135
8018
8144
7559
1809
6616
6700
3555
1046
3389
6855
8569
7736
911
8508
2126
78
8116
8835
7465
4178
9798
6950
2794
8913
2584
5731
9064
3861
1923
2638
775
2416
5361
7614
9827
1726
6421
9704
6363
3485
2997
5865
7468
7001
8134
2124
7913
2336
5971
235
7108
8180
2521
7650
6572
9871
1649
7184
3459
9568
906
39
4810
8595
4355
8642
6843
5567
1619
7366
2723
3401
3045
8801
5690
9574
7763
3472
1472
9198
5693
8956
6886
8572
5126
8916
7782
8674
3372
8774
576
3241
2258
9782
8611
4390
8443
3073
7204
6680
1429
7980
909
429
9616
3045
6357
8900
4618
3403
9240
5646
6424
6586
3379
8846
3011
7038
270
1375
5372
921
2870
7413
7197
8255
4582
3547
6926
2990
6705
988
913
1804
799
5853
9530
7080
9586
4279
8510
3394
7027
1970
9959
471
4478
3533
5138
9365
7191
5323
4006
9997
9431
487
3728
1366
2055
728
5855
4941
6103
2351
4009
1466
9164
173
8776
4127
2900
8162
1557
5306
3815
9440
2991
8393
7628
6334
8184
1341
2052
1880
3725
7558
4519
1764
8287
1374
8922
5647
2547
3347
634
4326
4306
156
7256
3729
3853
1484
4208
8009
3330
1684
3095
1898
4947
8995
8720
2724
2153
5081
1756
8652
3909
7017
8620
3695
734
4365
2676
8406
2140
1523
3933
20
80
8740
4951
9629
4078
4581
2810
4401
1080
5863
3591
8646
9480
3322
3728
9812
2937
3070
1008
1273
5811
8761
3976
7789
4385
2069
6327
7263
3185
945
5349
110
2471
8919
701
8917
9374
8494
3909
1950
4156
8134
6715
9607
5201
9152
9101
1617
812
2704
6037
7413
5770
3531
9008
6801
4796
5146
2793
9360
1620
7185
6374
4488
6171
713
9118
5213
5506
4297
7510
6467
4435
9012
7863
5424
2771
1163
6798
6192
9526
4883
9552
8450
559
721
1671
9632
883
1762
3213
4700
4729
5976
4932
1125
3248
8814
4239
3481
4796
8172
6353
6692
1759
5750
7280
9847
5824
8479
2533
8036
7675
4395
2419
8902
2645
9409
6418
1693
3850
4912
9271
3335
8900
409
4194
5866
298
9497
7715
973
8755
1818
3513
6871
3637
1472
169
3391
8255
8734
9607
2482
1615
2587
1060
2579
6512
655
5381
2445
3988
5991
4859
5556
186
4744
324
8490
2508
4640
6334
8653
2664
5624
6467
237
889
261
7189
236
737
4254
1496
782
4309
8056
614
3791
565
8061
8691
2996
8807
6988
2686
4473
1246
4633
3680
9706
9164
885
6356
3037
5601
1256
819
652
9311
5819
8922
6401
3612
3794
2587
7163
2883
5286
3005
8925
8071
5025
7265
868
917
1746
8338
9833
3925
1377
7176
8061
4172
7677
7049
2977
9714
5248
5772
552
4587
5124
6940
8324
8196
46
6869
9293
3179
3881
5246
240
3819
6590
7298
9300
2787
3151
3885
2344
914
2595
8112
3320
8162
1387
5634
510
5054
1059
3171
692
5920
3781
7085
6488
7964
1767
4761
4361
2899
1156
8171
3822
7108
9752
7356
4774
1941
9253
3522
5594
9402
9507
7166
5038
1008
69
1553
5830
5305
9430
5323
4453
4804
7441
3010
1217
1816
720
604
451
1741
7341
9882
7850
9383
6740
6225
719
1391
9097
2277
5762
8400
2646
8132
7732
7691
9837
9196
798
1896
4508
5578
2047
9674
1134
6384
3523
8285
9725
5586
7054
6606
5766
9614
8680
5623
2021
8773
2274
6869
5599
9594
8118
1576
9455
1190
4893
119
9992
4662
1979
2654
25
6866
2932
4885
6558
1130
4466
7918
2691
3086
2766
7322
4851
6443
9948
6728
6879
8109
5459
6459
7179
8678
6585
1191
9506
8681
414
4040
1657
6387
2335
607
4897
7335
9083
4634
3638
5156
8626
4975
341
7702
5768
9317
7786
7349
3129
2831
2311
1149
2695
6213
1984
2475
9279
1056
9843
2641
746
6514
6918
5223
9631
976
761
430
1862
2958
5450
4226
9863
5541
4279
7627
9600
1283
350
2000
3013
6783
6656
9545
7442
3575
4516
7311
4412
5192
519
2146
9878
233
529
1206
9024
197
8804
4891
7993
5155
6590
5336
7413
1043
397
6948
7257
1671
7378
544
7203
9516
5326
2260
5063
7732
7417
8565
1220
9154
2145
527
1526
7585
2255
6949
9524
3952
8662
4482
7257
702
8437
3867
5216
1150
6972
2355
3288
4775
2779
5418
1607
1803
3381
803
5643
5890
9443
2241
2204
3410
1877
4285
5773
6029
2596
8662
193
4535
9315
8582
4810
2051
692
2125
8876
9369
1159
6941
8672
5510
6428
6977
8069
7072
9258
3274
3841
2947
8600
343
3910
2093
3176
3632
2111
4979
5492
159
1145
2750
9216
5340
2399
6806
6159
3556
5853
5065
3010
2069
7478
4727
5435
2328
2449
7917
4992
2956
1646
1565
6858
4843
6455
1094
6701
8379
6113
9653
6306
19
514
5368
7600
8263
684
1322
4378
4563
2343
6545
7761
912
3469
3360
5114
3398
9567
5432
9483
3966
3701
1042
6398
5585
4291
7890
3224
3699
8727
1721
1251
6198
3646
905
2328
6445
4918
261
5112
4830
7982
6917
7529
9122
3082
2371
3390
8188
3875
9525
7311
4019
8107
6711
136
9358
8286
8004
6733
5691
3796
561
6683
5564
5427
4470
3370
1743
8081
5802
3263
7961
8999
7370
3165
7166
7409
7077
3963
5871
7121
5703
8705
736
5332
8960
7548
8437
7420
496
9553
4121
4557
9554
1726
8298
2131
9170
8364
9604
7504
1052
2689
2376
4724
387
9858
3449
5141
1866
2901
3188
9854
1906
4244
8713
7187
1009
4653
298
9906
6315
1303
3198
9301
9344
6048
1683
8292
7538
4625
5070
584
7585
1587
9008
7962
3220
4906
2743
874
5510
2239
2909
3564
2747
6124
7297
8380
782
5649
3153
9330
392
3523
4001
6961
2479
7444
7818
7561
329
1470
5138
5052
4459
296
67
9534
9538
1947
811
1541
8893
9711
8080
4912
149
1454
8318
1780
9771
4234
1710
2113
7420
842
3172
8084
4083
5519
6261
4934
4523
3589
899
8209
8671
3494
7319
2338
2961
7224
5290
1162
4019
4535
3040
4110
4101
8461
9921
847
587
5645
9701
5396
2314
4159
8668
1267
3088
581
2343
5806
6813
1900
8598
6250
7089
2927
7903
8523
787
8790
6408
7116
3804
9339
7265
4570
8046
7437
1313
8480
7732
4733
4523
9885
3415
1318
6380
7809
6665
5802
420
6263
3586
39
1551
7148
2517
6296
7775
4414
4895
4104
6664
7567
7611
977
3415
6713
7092
1890
9952
2091
824
4752
275
1378
1318
9795
2857
3459
3460
2961
7393
9380
991
216
6386
8906
3951
7749
4460
6653
2950
2322
1295
9592
9334
2747
5495
1149
1676
9025
1411
9685
3757
9480
7633
3461
2203
2283
6199
7564
3667
9567
3856
2761
2311
4597
9202
5145
147
2633
248
9886
3150
520
1217
6443
8639
5646
3795
7915
7817
7597
4525
9458
9829
2410
4825
9964
5979
2529
9402
3905
9676
6728
7287
5610
3662
4273
6051
9709
901
90
1065
6467
2795
2718
7825
1995
988
8318
7377
5080
1888
634
3667
277
9285
2921
8959
9401
7977
3129
7285
8806
8145
3120
2041
811
1593
2001
7931
9417
3529
1914
5649
8530
4159
9193
9332
5277
9055
2255
7796
6918
9140
8237
905
3107
129
7627
1287
8226
5337
6280
9645
1053
6295
2283
442
1952
2523
3351
1036
1377
706
8318
2422
8685
3265
1420
5181
7588
6573
8532
1312
9835
1465
5241
7042
2367
1213
1538
9174
9849
848
9312
565
3565
1394
5196
3390
4412
6921
6217
9515
6554
2566
9833
1947
4714
6754
4476
2130
1461
2634
9795
8697
7721
7844
8962
4435
5406
4141
9811
1998
7748
7569
5767
4898
1448
2694
9832
5705
2341
3430
8731
6443
8840
2855
8945
9909
6540
8152
9660
8405
7747
2058
6478
3524
8710
5912
4508
8688
4739
5685
8370
1877
1766
8337
4081
88
867
9271
9507
4640
6047
1382
5535
8113
4974
7594
1512
2038
1782
1287
928
3178
899
817
7337
8051
8660
4458
5708
9292
5699
8889
9699
7502
258
1459
1808
2330
5249
3961
1041
9477
8924
2446
8827
5601
5376
4147
6979
4019
3598
8497
4252
6694
2376
5635
6106
3004
6985
3261
9829
1980
6721
2924
7513
5501
6254
4940
9226
1725
1350
1312
5365
8894
4801
6881
6802
4238
3939
902
4726
6177
7095
7901
9972
429
1303
2291
7859
1426
7320
1286
4395
3668
5170
8932
6601
6678
525
4191
3059
6357
2663
8112
8757
222
6578
9876
3353
9421
8859
4791
5556
4899
4388
4492
4301
611
9604
9047
8810
7241
4180
9383
1443
9927
7562
7315
9655
5310
434
5440
8637
5365
4568
3340
2051
7417
4467
8970
5042
5857
7835
1050
7571
9789
939
6660
3002
1643
3570
2417
1216
7893
3651
8647
1040
9642
8028
1967
4807
8727
6515
52
6782
3650
348
5162
2243
7411
8232
4136
275
3024
3368
3
821
2963
527
5593
1520
7610
4373
9831
7260
6282
5336
7863
3190
3137
3068
410
3805
5367
2243
9006
4521
976
4488
4764
3963
5857
3493
7185
1279
5948
6069
5270
9871
5017
4340
4814
3505
6259
5010
4635
9793
9485
6710
1086
4537
2895
6303
5465
5356
3233
4118
4642
4178
7298
1423
6167
8733
6917
4863
8425
5451
7737
5367
631
676
3140
7630
9655
1459
6603
1725
818
4754
9473
3203
9837
2510
8697
6809
1072
57
4937
8720
5269
894
1677
6854
3951
6815
9621
8552
8053
9514
6365
9169
3849
6314
4951
609
3337
3754
2646
4441
2657
6004
7913
7842
842
4136
7107
157
6803
2376
4915
8181
811
272
9045
5585
472
1427
3668
4517
6552
3168
8730
8088
1041
8787
5429
2321
279
6600
6136
9098
554
3579
7563
2295
4744
7019
7264
1280
4774
1389
8756
4393
6599
7164
7037
4626
7350
1901
5574
9019
9958
1777
6276
4160
9764
8740
6868
4162
8725
6051
9092
1701
4514
714
8554
3702
2236
3099
85
4501
2541
9515
6462
2704
4685
7414
4330
3648
2925
9219
6031
7660
5892
2194
4240
3179
7108
5025
7319
9208
6008
9406
1710
4142
8268
2535
3163
6546
5641
3629
3765
3632
156
3655
4311
5982
1409
8851
3504
813
8449
9527
7475
6013
8917
8694
1506
6128
294
8398
4771
9303
4067
2189
1932
9160
4814
1620
9936
1265
5204
2468
5398
6535
6854
8917
9570
999
3432
4294
4594
8541
6598
1934
8535
2611
4094
5441
4094
2321
1326
5070
762
7011
8555
2645
8496
1544
6123
774
7375
4246
5424
5060
4425
6907
2849
2857
9347
9775
1910
5699
3989
3029
6015
2396
4910
464
3378
9191
1143
9890
4960
5462
8914
7216
7251
4633
2015
3057
7910
3489
8602
4565
4209
3026
325
6083
7103
4071
6894
3114
6766
3023
6844
2617
5474
2821
4427
2714
2102
1357
1698
696
2624
4442
8173
4530
7472
7917
4124
9016
1413
6200
4775
7522
6668
5377
7532
2048
2918
9666
2855
988
180
7869
4717
860
9473
6268
1364
9507
6413
998
7762
5271
1538
1358
161
6573
1973
5094
8300
4944
90
7425
6777
5041
1716
8053
5667
5769
4088
3311
2210
5113
9228
3617
3193
4930
754
4662
9276
7249
1739
951
732
7730
3306
8038
8529
5893
6550
4150
515
8654
7931
5726
6468
9094
2381
3731
8637
1904
2394
2162
5220
8374
443
2223
1095
4945
8839
3415
8760
1783
1397
1234
1396
6942
1355
9157
3233
1407
6008
4836
1556
390
922
3876
9997
9286
9868
1709
2816
7769
384
6255
5952
3733
6229
3852
3193
3210
2661
1395
9946
8536
4206
1005
8030
5086
3387
1520
7894
237
8430
5249
5668
283
3644
3606
2294
6291
4965
9961
4909
7769
2654
2185
9274
4459
1437
4939
4628
3459
4752
6862
9112
7418
9675
3323
2397
3287
7132
5835
50
5428
5804
9538
3431
6705
5509
7370
2005
2978
378
3611
4443
3107
1480
9253
1782
8429
8151
7328
5196
7424
2220
8747
8132
1968
4895
4689
2086
1932
3011
9033
987
9593
9303
5820
2848
9101
2937
818
8413
9623
5138
1925
396
8860
129
6247
1320
2925
9688
6784
5204
9380
9293
9311
8996
3389
8062
8465
3580
5362
8213
7328
2100
9838
2931
3315
1972
4419
3068
9459
7858
3158
6142
797
7045
3752
8639
6227
308
1504
2803
2446
5920
3572
295
4030
8459
3175
1005
3889
9652
5708
4964
7234
9889
7688
3458
4297
7847
9910
6113
5217
4984
9572
9076
5622
7609
7978
2805
9117
7663
6075
6412
2142
6054
4196
3245
9212
4926
1681
7391
1669
6802
4879
8469
4372
198
2172
2379
7156
8876
9530
1006
6223
643
2227
5656
8725
6157
215
9158
536
1948
6448
3112
4996
936
6374
8485
8604
191
703
1833
4351
3241
8270
6204
362
7431
3308
7919
7783
3512
2116
9813
6387
6520
8744
9164
2589
4613
9970
1400
4793
7454
2277
8026
7061
2459
7937
6978
563
5988
6468
9134
1397
2335
3102
8765
1143
6792
1470
5300
9366
6831
456
5324
2095
9113
3800
1047
466
724
7231
7405
9524
1644
4476
4103
8964
9698
6647
3639
6789
1743
4998
3618
8074
5893
1186
6667
2449
430
9972
1646
8758
8020
4841
1989
3032
3148
485
5658
3608
5727
8404
6746
973
9159
3371
1218
8213
6770
4716
7641
9046
9158
9512
8474
9187
3618
6191
1276
2106
1196
3412
2783
7594
4940
5756
1925
7425
8932
2180
667
467
7434
5890
3251
4440
5316
1044
4304
940
9615
4997
5036
5562
2332
1150
5305
7442
3336
4649
4514
2327
7606
1120
7406
5398
1227
2804
7793
9648
2789
7450
2910
5224
5849
1264
1852
904
7111
7581
3524
6414
4349
934
2821
8116
5653
5516
2756
5709
1163
387
4595
4235
7360
3662
4060
1086
7892